100,8,3,0,0,2,1,1,0,2,2,0,6,1,1,0,1,1,0,0,1,1,0,0,0,0,0,0,1,0,0,0,41108,52,
10,0,0,0,4,10,22,4,0,0,0,0,0,1,0,0,0,0,0,0,0,0,0,0,0,0,1,0,0,1,0,0,7086,29,
100,5,7,2,2,1,1,2,5,0,2,7,1,0,0,0,0,0,0,0,0,1,0,0,0,0,0,0,0,0,0,0,11115,41,
10,5,0,1,0,15,0,6,0,0,0,0,2,0,1,0,1,0,0,0,0,1,0,0,0,0,0,1,0,0,0,1,9270,28,
100,2,9,0,2,17,7,1,0,5,4,0,2,1,1,1,0,0,0,0,1,0,0,0,0,1,0,1,0,0,0,1,14657,39,
100,0,0,0,0,24,0,26,0,0,0,0,0,1,1,1,0,1,0,1,1,1,1,0,1,1,0,0,1,1,1,1,17152,46,
10,0,2,7,0,10,1,19,4,3,3,0,1,1,1,0,1,0,0,0,1,1,1,1,0,1,1,1,0,0,1,0,6725,26,
0,0,0,0,0,0,0,0,26,24,0,0,0,0,0,0,0,0,0,0,0,0,0,0,0,0,1,0,0,0,0,0,10807,21,
10,0,0,0,10,10,0,0,0,3,1,2,0,0,0,0,0,0,0,0,0,0,0,0,0,0,1,0,0,0,0,0,2805,15,
100,0,0,0,0,0,0,0,25,20,0,0,0,0,0,0,0,0,0,0,0,0,0,0,0,0,1,0,0,0,0,0,4552,16,
10,0,0,0,0,0,0,0,13,21,0,0,0,0,1,1,1,1,0,1,0,1,1,0,0,0,1,1,1,0,0,0,60221,102,
0,0,0,0,0,0,0,0,13,12,0,0,0,1,0,0,1,1,0,0,1,0,0,1,1,0,0,0,0,1,1,0,3090,20,
10,0,0,1,7,0,12,3,9,0,0,0,0,0,0,0,0,1,0,0,1,0,0,0,0,0,0,0,1,0,0,0,3205,19,
10,0,0,0,0,1,28,7,2,11,0,0,0,1,0,1,0,0,0,0,1,1,0,0,0,0,0,0,1,1,0,1,141366,191,
10,2,0,20,10,8,2,0,5,2,0,0,0,0,0,0,0,0,1,0,0,0,0,1,0,0,0,0,0,0,0,0,5759,28,
10,0,0,2,1,7,5,5,8,8,3,4,7,0,0,0,1,0,0,0,1,0,0,0,0,0,0,1,1,0,0,0,7613,30,
0,0,0,0,0,0,0,0,8,10,0,0,0,0,0,0,0,0,0,0,1,0,0,0,0,0,0,0,0,0,0,0,5500,24,
10,0,0,0,0,0,0,7,28,15,0,0,0,0,0,0,1,0,0,0,0,0,0,0,0,0,0,1,1,0,0,0,19965,30,
10,0,0,0,0,0,12,8,3,0,0,0,0,0,0,0,0,0,0,0,1,1,0,1,0,1,0,1,1,0,0,0,68565,75,
0,24,0,0,2,1,12,2,0,4,0,0,5,1,0,0,0,1,0,0,1,1,1,0,0,1,0,0,1,0,0,0,7548,33,
10,8,0,1,2,10,17,0,2,2,1,0,2,0,0,0,0,0,0,0,0,0,0,0,0,0,0,1,0,0,0,0,6052,29,
10,12,2,6,1,1,1,0,0,0,0,0,0,0,0,0,0,0,0,0,0,0,0,0,0,0,0,1,0,0,0,0,5258,25,
10,1,0,1,2,5,1,4,0,0,0,5,6,0,0,0,0,0,0,0,0,0,0,0,0,0,0,1,0,0,0,0,3237,26,
